89035434 100 60
2429806
27660006
34706029
16071693
39336307
25428005
20115272
42954062
33447268
37696672
30170763
24800076
28865671
1724123
5574448
1332637
13390709
23722227
21027142
38942900
4442091
18893859
33772133
32077767
21448518
21660899
35562280
20358347
18582053
37155293
14461124
30456794
35045009
14274438
33631798
38822533
40695012
7317432
20029095
28219558
36223482
23101278
39812697
11722294
26648725
43843802
3263016
16830475
23935795
17188556
34440094
9972004
6969512
19155783
31246680
11917295
39385435
37691575
7886701
29397678
43676878
32888234
16296246
17465270
38605949
8814260
22551905
74802
9385267
34339924
36892943
40602082
38260620
25895900
26843897
21056610
38888889
20962696
807131
40927949
15543380
18192026
728212
14791066
17646695
11007744
34900712
42581899
10295076
1313421
21729217
17784547
42157971
8747434
6334231
3929718
5174592
41709803
12616012
21576168
25 5 2
2
14
11
21
17
65343245 0 0
53428902 100 40
1229359
14292516
18119162
7640178
21475457
13446983
10764311
23677390
16551566
19637549
15393700
13362406
14808906
1188568
2430010
995859
6341191
13202229
11128108
21174736
1931010
9406546
17129598
16279493
11515655
12283648
18611563
10962958
9331817
19164215
6816932
15607344
18492487
6655012
16646986
20600381
22705607
3396266
10239978
14787853
18843930
12885894
21986321
5327198
13783223
23728739
1549474
8026301
13229659
8054873
17599294
4614842
2902294
9898145
15858474
5860009
21824861
19465972
3521509
15269292
23708887
16281697
7936610
8545942
20262894
4297275
12631814
137872
4613587
17270469
18927526
22213204
19973483
13639755
14210368
11319843
20736572
10972250
640276
22708998
7109821
9244360
312786
7084191
8989726
5094591
18371807
23378634
5074008
718243
12403800
9224735
23212977
3961579
2549796
1843642
2242465
23140278
5945922
11818594
