    66
    100
    419 89 353 448 27 171 50 340 116 203 289 144 63 351 411 368 9 468 209 104 235 72 222 162 428 221 280 61 427 218 163 346 306 368 145 184 38 195 376 5 249 164 148 311 366 410 178 375 378 238 330 464 310 51 125 89 123 257 1 50 474 164 247 131 31 391 167 68 437 42 72 185 57 72 347 423 333 377 149 62 114 330 26 275 232 2 215 354 110 216 255 83 379 1 66 261 244 232 180 180
    52
    251 217 181 174 63 455 7 291 455 68 405 284 445 31 367 299 98 221 408 313 475 343 43 328 408 155 71 491 334 102 115 436 318 147 110 233 454 468 23 260 387 279 44 332 162 410 482 259 482 389 423 309
    34
    317 136 490 471 206 332 304 307 298 239 477 297 200 209 250 167 83 9 54 214 404 237 375 166 218 485 499 458 407 307 41 223 442 382
    27
    499 214 200 158 363 290 134 159 490 194 260 156 128 269 61 341 24 297 67 189 366 51 40 324 309 346 216
    74
    288 97 427 138 162 126 295 25 416 280 183 257 325 443 412 453 63 473 145 438 269 212 127 487 114 166 310 423 363 25 305 2 473 232 140 135 209 286 159 476 66 193 232 242 487 496 46 401 468 191 339 88 254 317 74 367 334 235 289 196 259 446 198 84 177 337 218 237 122 228 65 39 272 296
    39
    111 291 178 11 110 220 349 198 473 17 123 192 350 358 480 398 468 425 95 51 453 283 120 42 256 347 106 147 119 401 279 229 44 456 91 153 176 292 202
    88
    308 325 191 158 34 171 407 1 447 1 404 252 135 23 293 390 222 250 36 192 2 166 272 45 122 362 50 149 153 251 148 313 427 339 322 460 361 228 313 307 228 216 410 214 90 54 103 311 303 491 354 305 156 125 349 277 487 250 277 491 353 425 155 279 263 476 91 123 203 255 281 282 322 43 495 411 96 450 74 399 440 427 203 447 404 403 76 242
    30
    352 232 357 276 239 487 38 214 77 12 269 183 145 50 4 187 397 267 282 346 340 32 137 118 86 83 21 489 158 114
    42
    10 198 201 137 436 187 27 149 116 38 417 298 34 319 154 220 215 420 354 412 111 385 400 228 471 482 101 311 492 214 155 353 411 207 489 346 245 15 347 360 405 115
    43
    438 433 15 10 499 434 363 262 44 247 161 123 69 495 75 379 338 141 385 190 403 91 30 101 336 45 447 47 301 61 408 238 346 422 247 196 207 461 458 102 60 470 225
    68
    316 151 359 153 143 243 194 46 334 224 146 21 120 444 67 420 356 327 9 53 248 256 249 455 68 58 408 127 379 132 255 195 135 113 199 277 207 245 174 392 468 319 412 87 114 331 358 470 9 366 22 108 473 122 414 41 31 322 167 410 305 273 456 439 237 6 68 444
    8
    241 187 69 60 451 7 25 133
    81
    494 141 230 368 248 202 341 162 94 372 483 261 281 287 385 88 78 122 445 145 417 195 385 455 263 296 405 270 173 37 485 166 29 214 385 277 268 226 290 361 449 124 473 81 262 210 168 339 183 112 335 99 158 72 405 273 219 310 394 391 198 378 409 227 92 293 355 211 370 144 71 318 119 396 398 380 105 417 71 287 381
    37
    237 38 476 141 310 195 302 203 437 500 433 345 226 24 490 80 86 359 75 8 29 193 403 278 424 359 195 494 145 75 399 233 464 226 226 126 272
    25
    180 209 26 112 53 103 487 42 34 72 253 108 80 281 152 334 58 76 193 104 69 189 178 319 422
    30
    45 147 119 316 25 298 24 51 262 429 5 248 470 39 172 222 498 103 354 2 436 412 77 128 15 497 317 45 168 90
    11
    64 88 8 379 112 157 255 14 418 183 19
    78
    4 409 189 78 406 143 431 407 78 342 335 58 209 184 226 253 203 315 142 266 254 149 496 365 305 250 231 75 284 101 92 140 9 132 217 266 274 147 25 203 341 211 260 49 246 485 153 448 151 294 213 404 442 209 269 98 310 351 172 446 451 115 437 311 98 153 428 371 151 452 426 343 15 185 243 260 170 395
    46
    320 40 272 76 333 480 196 431 142 46 454 87 348 69 375 158 166 27 85 389 29 389 314 372 403 350 466 162 371 361 221 43 252 493 118 85 324 313 367 465 358 172 403 205 92 277
    28
    110 155 150 498 184 38 163 407 292 12 372 454 235 84 26 277 336 18 394 420 342 58 138 158 267 309 61 323
    1
    189
    99
    10 344 185 359 379 75 21 285 366 384 156 171 470 92 197 246 427 66 491 198 259 48 335 417 314 143 329 488 395 17 23 404 212 60 262 90 134 134 374 351 370 382 22 339 325 218 437 251 135 427 448 394 327 134 310 492 276 138 480 23 6 2 426 218 413 40 307 398 173 33 249 394 266 122 233 90 191 169 192 325 447 139 218 273 272 379 265 399 368 244 421 374 97 199 91 362 238 249 259
    45
    133 359 156 250 480 240 339 170 260 382 495 58 20 64 331 143 443 447 394 310 190 166 183 138 216 125 499 453 226 258 67 358 116 74 460 448 165 150 117 276 32 463 333 403 27
    42
    398 469 461 291 130 2 308 313 140 24 289 138 328 14 247 394 224 215 319 183 162 483 184 130 258 215 93 443 118 119 457 15 439 418 157 68 419 316 380 410 191 21
    74
    19 386 146 264 109 212 435 143 373 417 179 355 27 393 447 321 362 65 277 228 3 46 236 70 317 52 302 226 242 174 125 112 59 123 228 20 334 162 14 59 430 192 413 308 85 359 128 298 275 257 26 129 302 261 50 118 164 203 344 406 376 468 369 435 442 448 306 276 109 319 334 391 11 98
    76
    447 308 178 244 82 434 269 62 235 30 111 353 193 314 48 450 189 367 171 475 309 118 280 84 79 99 269 469 461 218 166 407 25 343 2 458 276 271 19 363 152 129 67 196 294 114 498 335 332 168 309 140 137 441 75 215 39 195 183 351 412 201 257 288 395 110 245 23 380 115 385 383 244 303 79 389
    36
    76 223 99 95 32 239 83 472 165 298 362 360 332 212 123 384 320 263 131 429 7 153 161 122 389 43 217 43 473 105 310 400 328 408 494 211
    68
    429 34 311 78 395 22 261 458 496 145 129 258 127 409 117 131 69 90 19 464 158 413 436 114 222 336 441 129 181 3 275 109 36 437 186 430 310 447 239 157 443 367 415 69 276 383 199 344 472 69 307 129 481 95 242 202 430 35 330 110 389 456 71 425 244 256 206 53
    47
    445 210 496 163 476 416 438 358 114 134 181 34 292 161 14 386 254 67 167 140 249 129 29 204 199 453 300 306 10 204 360 306 413 207 469 240 123 258 449 88 391 129 474 35 289 339 272
    97
    406 291 34 154 419 62 209 117 366 8 422 376 212 133 181 476 340 149 68 314 259 16 253 149 497 226 35 285 65 159 179 322 449 213 327 367 126 35 335 492 395 256 367 106 241 399 433 432 400 500 97 158 368 349 158 364 427 193 500 343 203 31 164 151 95 490 369 220 24 203 211 270 310 429 227 50 180 160 481 79 11 77 236 230 278 393 93 204 437 445 46 139 475 61 141 69 50
    19
    140 425 63 203 195 373 131 421 274 162 432 107 240 295 35 475 24 164 220
    58
    367 8 413 264 499 387 324 139 307 225 500 446 150 414 500 344 138 131 116 264 144 48 370 384 342 256 210 217 420 281 185 138 289 97 254 287 335 429 277 141 154 128 439 303 394 438 498 31 420 465 294 64 364 15 299 57 271 8
    35
    42 289 458 179 429 55 432 215 389 361 343 382 366 323 320 20 216 109 369 246 381 333 392 444 197 258 242 253 380 101 378 421 389 336 452
    97
    390 383 383 130 95 78 11 312 400 182 331 115 291 199 212 171 384 455 466 80 213 59 184 92 159 62 13 400 249 316 68 138 198 451 119 145 380 130 456 279 311 139 245 453 337 308 123 220 263 440 151 327 498 187 270 157 100 134 56 348 449 123 337 499 425 455 143 304 84 450 434 247 88 30 199 277 338 174 496 452 113 499 278 463 185 47 119 136 181 26 483 129 500 171 127 425 125
    24
    80 61 423 14 307 10 43 357 138 232 382 134 183 347 484 312 309 20 211 279 155 243 304 489
    55
    303 159 202 227 135 322 159 195 96 172 1 458 66 210 95 298 91 80 332 437 63 144 97 82 354 375 88 448 178 76 170 333 86 371 411 221 193 69 415 140 240 268 97 158 329 192 307 419 271 138 208 186 133 304 267

